5,100,0
